Alpha    Energy    Best
0.1d0    0.867827007068     Yes 
0.2d0    0.867094490827     Yes 
0.3d0    0.866852244909     Yes 
0.4d0    0.866767121962     Yes 
0.5d0    0.866729556604     Yes 
0.6d0    0.866704374339     Yes 
0.7d0    0.866680382127     Yes 
0.8d0    0.866654891829     Yes 
0.9d0    0.866628351584     Yes 
1.0d0    0.866602259429     Yes 
1.1d0    0.866578295602     Yes 
1.2d0    0.866557960732     Yes 
1.3d0    0.866542437957     Yes 
1.4d0    0.86653256029     Yes 
1.5d0    0.866528827673     Yes 
1.6d0    0.866531446918     
1.7d0    0.866540380783     
1.8d0    0.866555398746     
1.9d0    0.866576125339     
2.0d0    0.866602083734     
2.1d0    0.866632733425     
2.2d0    0.866667501571     
2.3d0    0.866705808104     
2.4d0    0.866747085025     
2.5d0    0.86679079053     
2.6d0    0.866836418701     
2.7d0    0.866883505543     
2.8d0    0.866931632088     
2.9d0    0.866980425249     
3.0d0    0.867029557014     
3.1d0    0.867078742448     
3.2d0    0.867127736938     
3.3d0    0.86717633296     
3.4d0    0.86722435664     
3.5d0    0.867271664262     
3.6d0    0.867318138867     
3.7d0    0.867363687017     
3.8d0    0.867408235781     
3.9d0    0.867451729972     
4.0d0    0.867494129648     
4.1d0    0.867535407868     
4.2d0    0.867575548708     
4.3d0    0.867614545506     
4.4d0    0.867652399332     
4.5d0    0.867689117652     
4.6d0    0.867724713174     
4.7d0    0.867759202857     
4.8d0    0.867792607055     
4.9d0    0.867824948791     
5.0d0    0.86785625314     
5.1d0    0.867886546702     
5.2d0    0.867915857169     
5.3d0    0.867944212945     
5.4d0    0.867971642847     
5.5d0    0.867998175845     
5.6d0    0.868023840852     
5.7d0    0.868048666553     
5.8d0    0.868072681265     
5.9d0    0.868095912824     
6.0d0    0.868118388501     
6.1d0    0.868140134931     
6.2d0    0.868161178059     
6.3d0    0.868181543111     
6.4d0    0.868201254557     
6.5d0    0.868220336106     
6.6d0    0.868238810689     
6.7d0    0.868256700463     
6.8d0    0.868274026814     
6.9d0    0.868290810365     
7.0d0    0.868307070987     
7.1d0    0.868322827815     
7.2d0    0.868338099266     
7.3d0    0.868352903056     
7.4d0    0.868367256217     
7.5d0    0.868381175126     
7.6d0    0.868394675516     
7.7d0    0.868407772506     
7.8d0    0.868420480617     
7.9d0    0.868432813797     
8.0d0    0.86844478544     
8.1d0    0.868456408409     
8.2d0    0.868467695054     
8.3d0    0.868478657235     
8.4d0    0.86848930634     
8.5d0    0.868499653304     
8.6d0    0.86850970863     
8.7d0    0.868519482403     
8.8d0    0.868528984309     
8.9d0    0.868538223652     
9.0d0    0.868547209371     
9.1d0    0.868555950052     
9.2d0    0.868564453946     
9.3d0    0.868572728984     
9.4d0    0.868580782786     
9.5d0    0.868588622679     
9.6d0    0.868596255705     
9.7d0    0.868603688638     
9.8d0    0.868610927992     
9.9d0    0.868617980032     
10.0d0    0.868624850786     
Best Alpha = 1.5d0

