Alpha    Energy    Best
1.6d0    0.865762619078     Yes 
1.7d0    0.865779270127     
1.8d0    0.865794151232     
1.9d0    0.865807591485     
2.0d0    0.865819865016     
2.1d0    0.865831199803     
2.2d0    0.86584178502     
2.3d0    0.865851777195     
2.4d0    0.865861305357     
2.5d0    0.865870475342     
2.6d0    0.865879373416     
2.7d0    0.865888069325     
2.8d0    0.865896618874     
2.9d0    0.865905066116     
3.0d0    0.865913445223     
3.1d0    0.865921782075     
3.2d0    0.86593009563     
3.3d0    0.865938399089     
3.4d0    0.865946700903     
3.5d0    0.865955005636     
3.6d0    0.865963314702     
3.7d0    0.865971626995     
3.8d0    0.865979939433     
3.9d0    0.865988247416     
4.0d0    0.865996545215     
4.1d0    0.866004826296     
4.2d0    0.8660130836     
4.3d0    0.86602130977     
4.4d0    0.866029497333     
4.5d0    0.866037638859     
4.6d0    0.866045727081     
4.7d0    0.866053754988     
4.8d0    0.866061715906     
4.9d0    0.866069603544     
5.0d0    0.866077412041     
5.1d0    0.866085135989     
5.2d0    0.866092770444     
5.3d0    0.866100310939     
5.4d0    0.866107753472     
5.5d0    0.866115094507     
5.6d0    0.866122330956     
5.7d0    0.866129460163     
5.8d0    0.866136479886     
5.9d0    0.866143388274     
6.0d0    0.866150183847     
6.1d0    0.866156865471     
6.2d0    0.866163432332     
6.3d0    0.866169883919     
6.4d0    0.866176219994     
6.5d0    0.866182440574     
6.6d0    0.866188545906     
6.7d0    0.866194536449     
6.8d0    0.866200412851     
6.9d0    0.866206175932     
7.0d0    0.866211826666     
7.1d0    0.866217366162     
7.2d0    0.866222795652     
7.3d0    0.866228116473     
7.4d0    0.866233330055     
7.5d0    0.866238437909     
7.6d0    0.866243441612     
7.7d0    0.866248342801     
7.8d0    0.866253143161     
7.9d0    0.866257844415     
8.0d0    0.866262448318     
8.1d0    0.866266956647     
8.2d0    0.866271371197     
8.3d0    0.866275693774     
8.4d0    0.866279926189     
8.5d0    0.866284070252     
8.6d0    0.866288127771     
8.7d0    0.866292100544     
8.8d0    0.86629599036     
8.9d0    0.866299798992     
9.0d0    0.866303528195     
9.1d0    0.866307179706     
9.2d0    0.86631075524     
9.3d0    0.866314256489     
9.4d0    0.866317685119     
9.5d0    0.86632104277     
9.6d0    0.866324331055     
9.7d0    0.866327551561     
9.8d0    0.866330705842     
9.9d0    0.866333795426     
10.0d0    0.866336821809     
10.1d0    0.866339786459     
Best Alpha = 1.6d0