Alpha    Energy    Best
0.3d0    0.891470903893     Yes 
0.301d0    0.891289780101     Yes 
0.302d0    0.891119309311     Yes 
0.303d0    0.890959368678     Yes 
0.304d0    0.890809837052     Yes 
0.305d0    0.890670594952     Yes 
0.306d0    0.890541524535     Yes 
0.307d0    0.890422509568     Yes 
0.308d0    0.890313435408     Yes 
0.309d0    0.89021418897     Yes 
0.31d0    0.890124658705     Yes 
0.311d0    0.890044734572     Yes 
0.312d0    0.889974308017     Yes 
0.313d0    0.889913271948     Yes 
0.314d0    0.889861520709     Yes 
0.315d0    0.889818950063     Yes 
0.316d0    0.88978545716     Yes 
0.317d0    0.889760940526     Yes 
0.318d0    0.889745300031     Yes 
0.319d0    0.889738436875     Yes 
0.32d0    0.889740253563     
0.321d0    0.889750653888     
0.322d0    0.889769542904     
0.323d0    0.889796826917     
0.324d0    0.889832413454     
0.325d0    0.889876211252     
0.326d0    0.889928130238     
0.327d0    0.889988081507     
0.328d0    0.890055977307     
0.329d0    0.890131731022     
0.33d0    0.890215257151     
0.331d0    0.890306471296     
0.332d0    0.890405290142     
0.333d0    0.890511631439     
0.334d0    0.890625413992     
0.335d0    0.890746557637     
0.336d0    0.890874983235     
0.337d0    0.891010612646     
0.338d0    0.891153368723     
0.339d0    0.891303175293     
0.34d0    0.891459957144     
0.341d0    0.89162364001     
0.342d0    0.891794150556     
0.343d0    0.891971416368     
0.344d0    0.892155365936     
0.345d0    0.892345928641     
0.346d0    0.892543034745     
0.347d0    0.892746615375     
0.348d0    0.892956602512     
0.349d0    0.89317292898     
0.35d0    0.893395528431     
0.351d0    0.893624335335     
0.352d0    0.893859284968     
0.353d0    0.894100313399     
0.354d0    0.894347357484     
0.355d0    0.894600354848     
0.356d0    0.894859243877     
0.357d0    0.895123963711     
0.358d0    0.895394454228     
0.359d0    0.895670656034     
Best Alpha = 0.319d0
