Alpha    Energy    Best
0.1d0    0.865139173533     Yes 
0.2d0    0.864862832583     Yes 
0.3d0    0.864840084503     Yes 
0.4d0    0.864887472374     
0.5d0    0.864950455517     
0.6d0    0.865012446035     
0.7d0    0.865068552565     
0.8d0    0.865117781199     
0.9d0    0.865160470634     
1.0d0    0.865197301034     
1.1d0    0.865229118324     
1.2d0    0.865256652113     
1.3d0    0.865280577723     
1.4d0    0.865300454723     
1.5d0    0.0     Yes 
1.6d0    0.0     
1.7d0    0.865347485439     
1.8d0    0.865362224096     
1.9d0    0.865373461045     
2.0d0    0.865383493823     
2.1d0    0.865392504745     
2.2d0    0.865400654688     
2.3d0    0.865408070796     
2.4d0    0.865414853692     
2.5d0    0.865421093485     
2.6d0    0.86542686739     
2.7d0    0.865432239402     
2.8d0    0.865437267327     
2.9d0    0.865441999062     
3.0d0    0.865446477516     
3.1d0    0.865450738231     
3.2d0    0.865454812846     
3.3d0    0.865458728249     
3.4d0    0.865462507639     
3.5d0    0.865466171063     
3.6d0    0.865469735711     
3.7d0    0.865473216205     
3.8d0    0.865476625088     
3.9d0    0.865479972904     
4.0d0    0.865483268844     
4.1d0    0.865486520265     
4.2d0    0.865489733554     
4.3d0    0.865492913888     
4.4d0    0.865496065533     
4.5d0    0.86549919192     
4.6d0    0.865502295725     
4.7d0    0.865505379087     
4.8d0    0.865508443545     
4.9d0    0.865511490203     
5.0d0    0.865514519801     
5.1d0    0.865517532721     
5.2d0    0.865520529091     
5.3d0    0.865523508792     
5.4d0    0.865526471566     
5.5d0    0.865529416941     
5.6d0    0.86553234438     
5.7d0    0.865535253215     
5.8d0    0.865538142714     
5.9d0    0.86554101214     
6.0d0    0.865543860683     
6.1d0    0.865546687519     
6.2d0    0.865549491872     
6.3d0    0.8655522729     
6.4d0    0.865555029846     
6.5d0    0.865557761938     
6.6d0    0.865560468481     
6.7d0    0.865563148736     
6.8d0    0.865565802103     
6.9d0    0.865568427986     
7.0d0    0.865571025783     
7.1d0    0.865573595018     
7.2d0    0.865576135236     
7.3d0    0.865578646024     
7.4d0    0.865581127004     
7.5d0    0.86558357787     
7.6d0    0.865585998347     
7.7d0    0.865588388219     
7.8d0    0.865590747298     
7.9d0    0.865593075466     
8.0d0    0.865595372603     
8.1d0    0.865597638657     
8.2d0    0.865599873596     
8.3d0    0.865602077465     
8.4d0    0.865604250283     
8.5d0    0.865606392145     
8.6d0    0.865608503143     
8.7d0    0.865610583417     
8.8d0    0.865612633131     
8.9d0    0.865614652461     
9.0d0    0.865616641611     
9.1d0    0.865618600813     
9.2d0    0.865620530312     
9.3d0    0.865622430355     
9.4d0    0.865624301233     
9.5d0    0.865626143226     
9.6d0    0.865627956642     
9.7d0    0.865629741794     
9.8d0    0.86563149899     
9.9d0    0.865633228587     
10.0d0    0.865634930903     
10.1d0    0.865636606314     
Best Alpha = 1.5d0