Alpha    Energy    Best
0.8d0    0.86907043861     Yes 
0.81d0    0.869045439352     Yes 
0.82d0    0.869024762078     Yes 
0.83d0    0.869008293855     Yes 
0.84d0    0.868995922679     Yes 
0.85d0    0.868987537557     Yes 
0.86d0    0.86898302859     Yes 
0.87d0    0.868982287051     Yes 
0.88d0    0.868985205453     
0.89d0    0.86899167762     
0.9d0    0.869001598745     
0.91d0    0.86901486545     
0.92d0    0.869031375834     
0.93d0    0.869051029527     
0.94d0    0.869073727724     
0.95d0    0.869099373232     
0.96d0    0.869127870499     
0.97d0    0.869159125644     
0.98d0    0.869193046483     
0.99d0    0.869229542552     
Best Alpha = 0.87d0
