 c1    c2    Eng
   0.0000000000000000        1.0000000000000000       0.91016217593812121     
  1.00000000000000002E-003  0.99900000000000000       0.91015148748129071     
  2.00000000000000004E-003  0.99800000000000000       0.91014079902446021     
  3.00000000000000006E-003  0.99700000000000000       0.91013011056762971     
  4.00000000000000008E-003  0.99600000000000000       0.91011942211079921     
  5.00000000000000010E-003  0.99500000000000000       0.91010873365396883     
  6.00000000000000012E-003  0.99399999999999999       0.91009804519713822     
  7.00000000000000015E-003  0.99299999999999999       0.91008735674030783     
  8.00000000000000017E-003  0.99199999999999999       0.91007666828347733     
  9.00000000000000105E-003  0.99099999999999999       0.91006597982664672     
  1.00000000000000002E-002  0.98999999999999999       0.91005529136981633     
  1.09999999999999994E-002  0.98899999999999999       0.91004460291298583     
  1.20000000000000002E-002  0.98799999999999999       0.91003391445615522     
  1.30000000000000011E-002  0.98699999999999999       0.91002322599932484     
  1.40000000000000003E-002  0.98599999999999999       0.91001253754249434     
  1.49999999999999994E-002  0.98499999999999999       0.91000184908566384     
  1.60000000000000003E-002  0.98399999999999999       0.90999116062883334     
  1.70000000000000012E-002  0.98299999999999998       0.90998047217200284     
  1.80000000000000021E-002  0.98199999999999998       0.90996978371517234     
  1.89999999999999995E-002  0.98099999999999998       0.90995909525834184     
  2.00000000000000004E-002  0.97999999999999998       0.90994840680151134     
  2.10000000000000013E-002  0.97899999999999998       0.90993771834468085     
  2.19999999999999987E-002  0.97799999999999998       0.90992702988785046     
  2.29999999999999996E-002  0.97699999999999998       0.90991634143101985     
  2.40000000000000005E-002  0.97599999999999998       0.90990565297418946     
  2.50000000000000014E-002  0.97499999999999998       0.90989496451735896     
  2.60000000000000023E-002  0.97399999999999998       0.90988427606052835     
  2.69999999999999997E-002  0.97299999999999998       0.90987358760369796     
  2.80000000000000006E-002  0.97199999999999998       0.90986289914686747     
  2.90000000000000015E-002  0.97099999999999997       0.90985221069003697     
  2.99999999999999989E-002  0.96999999999999997       0.90984152223320647     
  3.09999999999999998E-002  0.96899999999999997       0.90983083377637597     
  3.20000000000000007E-002  0.96799999999999997       0.90982014531954547     
  3.30000000000000016E-002  0.96699999999999997       0.90980945686271497     
  3.40000000000000024E-002  0.96599999999999997       0.90979876840588447     
  3.50000000000000033E-002  0.96499999999999997       0.90978807994905408     
  3.60000000000000042E-002  0.96399999999999997       0.90977739149222348     
  3.69999999999999982E-002  0.96299999999999997       0.90976670303539298     
  3.79999999999999991E-002  0.96199999999999997       0.90975601457856259     
  3.89999999999999999E-002  0.96099999999999997       0.90974532612173209     
  4.00000000000000008E-002  0.95999999999999996       0.90973463766490148     
  4.10000000000000017E-002  0.95899999999999996       0.90972394920807109     
  4.20000000000000026E-002  0.95799999999999996       0.90971326075124059     
  4.30000000000000035E-002  0.95699999999999996       0.90970257229440998     
  4.39999999999999974E-002  0.95599999999999996       0.90969188383757960     
  4.49999999999999983E-002  0.95499999999999996       0.90968119538074910     
  4.59999999999999992E-002  0.95399999999999996       0.90967050692391860     
  4.70000000000000001E-002  0.95299999999999996       0.90965981846708810     
  4.80000000000000010E-002  0.95199999999999996       0.90964913001025760     
  4.90000000000000019E-002  0.95099999999999996       0.90963844155342710     
  5.00000000000000028E-002  0.94999999999999996       0.90962775309659660     
  5.10000000000000037E-002  0.94899999999999995       0.90961706463976610     
  5.20000000000000046E-002  0.94799999999999995       0.90960637618293572     
  5.29999999999999985E-002  0.94699999999999995       0.90959568772610522     
  5.39999999999999994E-002  0.94599999999999995       0.90958499926927461     
  5.50000000000000003E-002  0.94499999999999995       0.90957431081244422     
  5.60000000000000012E-002  0.94399999999999995       0.90956362235561372     
  5.70000000000000021E-002  0.94299999999999995       0.90955293389878311     
  5.80000000000000029E-002  0.94199999999999995       0.90954224544195272     
  5.90000000000000038E-002  0.94099999999999995       0.90953155698512222     
  5.99999999999999978E-002  0.93999999999999995       0.90952086852829162     
  6.09999999999999987E-002  0.93900000000000006       0.90951018007146134     
  6.19999999999999996E-002  0.93799999999999994       0.90949949161463073     
  6.30000000000000004E-002  0.93700000000000006       0.90948880315780034     
  6.40000000000000013E-002  0.93599999999999994       0.90947811470096973     
  6.50000000000000022E-002  0.93500000000000005       0.90946742624413934     
  6.60000000000000031E-002  0.93399999999999994       0.90945673778730884     
  6.70000000000000040E-002  0.93300000000000005       0.90944604933047835     
  6.80000000000000049E-002  0.93199999999999994       0.90943536087364774     
  6.90000000000000058E-002  0.93100000000000005       0.90942467241681746     
  7.00000000000000067E-002  0.92999999999999994       0.90941398395998685     
  7.10000000000000075E-002  0.92900000000000005       0.90940329550315635     
  7.20000000000000084E-002  0.92799999999999994       0.90939260704632585     
  7.29999999999999954E-002  0.92700000000000005       0.90938191858949546     
  7.39999999999999963E-002  0.92600000000000005       0.90937123013266485     
  7.49999999999999972E-002  0.92500000000000004       0.90936054167583447     
  7.59999999999999981E-002  0.92400000000000004       0.90934985321900397     
  7.69999999999999990E-002  0.92300000000000004       0.90933916476217336     
  7.79999999999999999E-002  0.92200000000000004       0.90932847630534297     
  7.90000000000000008E-002  0.92100000000000004       0.90931778784851247     
  8.00000000000000017E-002  0.92000000000000004       0.90930709939168208     
  8.10000000000000026E-002  0.91900000000000004       0.90929641093485147     
  8.20000000000000034E-002  0.91800000000000004       0.90928572247802097     
  8.30000000000000043E-002  0.91700000000000004       0.90927503402119059     
  8.40000000000000052E-002  0.91600000000000004       0.90926434556435998     
  8.50000000000000061E-002  0.91500000000000004       0.90925365710752948     
  8.60000000000000070E-002  0.91400000000000003       0.90924296865069909     
  8.70000000000000079E-002  0.91300000000000003       0.90923228019386848     
  8.79999999999999949E-002  0.91200000000000003       0.90922159173703798     
  8.89999999999999958E-002  0.91100000000000003       0.90921090328020759     
  8.99999999999999967E-002  0.91000000000000003       0.90920021482337710     
  9.09999999999999976E-002  0.90900000000000003       0.90918952636654660     
  9.19999999999999984E-002  0.90800000000000003       0.90917883790971610     
  9.29999999999999993E-002  0.90700000000000003       0.90916814945288560     
  9.40000000000000002E-002  0.90600000000000003       0.90915746099605510     
  9.50000000000000011E-002  0.90500000000000003       0.90914677253922460     
  9.60000000000000020E-002  0.90400000000000003       0.90913608408239410     
  9.70000000000000029E-002  0.90300000000000002       0.90912539562556371     
  9.80000000000000038E-002  0.90200000000000002       0.90911470716873310     
  9.90000000000000047E-002  0.90100000000000002       0.90910401871190261     
  0.10000000000000001       0.90000000000000002       0.90909333025507222     
  0.10100000000000001       0.89900000000000002       0.90908264179824161     
  0.10200000000000001       0.89800000000000002       0.90907195334141111     
  0.10300000000000001       0.89700000000000002       0.90906126488458072     
  0.10400000000000001       0.89600000000000002       0.90905057642775022     
  0.10500000000000000       0.89500000000000002       0.90903988797091961     
  0.10600000000000000       0.89400000000000002       0.90902919951408923     
  0.10700000000000000       0.89300000000000002       0.90901851105725873     
  0.10800000000000000       0.89200000000000002       0.90900782260042812     
  0.10900000000000000       0.89100000000000001       0.90899713414359773     
  0.11000000000000000       0.89000000000000001       0.90898644568676723     
  0.11100000000000000       0.88900000000000001       0.90897575722993673     
  0.11200000000000000       0.88800000000000001       0.90896506877310623     
  0.11300000000000000       0.88700000000000001       0.90895438031627573     
  0.11400000000000000       0.88600000000000001       0.90894369185944535     
  0.11500000000000000       0.88500000000000001       0.90893300340261474     
  0.11600000000000001       0.88400000000000001       0.90892231494578435     
  0.11700000000000001       0.88300000000000001       0.90891162648895385     
  0.11800000000000001       0.88200000000000001       0.90890093803212324     
  0.11900000000000001       0.88100000000000001       0.90889024957529285     
  0.12000000000000000       0.88000000000000000       0.90887956111846235     
  0.12100000000000000       0.87900000000000000       0.90886887266163185     
  0.12200000000000000       0.87800000000000000       0.90885818420480136     
  0.12300000000000000       0.87700000000000000       0.90884749574797086     
  0.12400000000000000       0.87600000000000000       0.90883680729114036     
  0.12500000000000000       0.87500000000000000       0.90882611883430986     
  0.12600000000000000       0.87400000000000000       0.90881543037747936     
  0.12700000000000000       0.87300000000000000       0.90880474192064886     
  0.12800000000000000       0.87200000000000000       0.90879405346381836     
  0.12900000000000000       0.87100000000000000       0.90878336500698786     
  0.13000000000000000       0.87000000000000000       0.90877267655015737     
  0.13100000000000001       0.86899999999999999       0.90876198809332698     
  0.13200000000000001       0.86799999999999999       0.90875129963649637     
  0.13300000000000001       0.86699999999999999       0.90874061117966587     
  0.13400000000000001       0.86599999999999999       0.90872992272283548     
  0.13500000000000001       0.86499999999999999       0.90871923426600487     
  0.13600000000000001       0.86399999999999999       0.90870854580917448     
  0.13700000000000001       0.86299999999999999       0.90869785735234399     
  0.13800000000000001       0.86199999999999999       0.90868716889551349     
  0.13900000000000001       0.86099999999999999       0.90867648043868299     
  0.14000000000000001       0.85999999999999999       0.90866579198185249     
  0.14100000000000001       0.85899999999999999       0.90865510352502210     
  0.14200000000000002       0.85799999999999998       0.90864441506819149     
  0.14300000000000002       0.85699999999999998       0.90863372661136099     
  0.14400000000000002       0.85599999999999998       0.90862303815453060     
  0.14499999999999999       0.85499999999999998       0.90861234969770011     
  0.14599999999999999       0.85399999999999998       0.90860166124086950     
  0.14699999999999999       0.85299999999999998       0.90859097278403911     
  0.14799999999999999       0.85199999999999998       0.90858028432720861     
  0.14899999999999999       0.85099999999999998       0.90856959587037800     
  0.14999999999999999       0.84999999999999998       0.90855890741354761     
  0.15100000000000000       0.84899999999999998       0.90854821895671711     
  0.15200000000000000       0.84799999999999998       0.90853753049988650     
  0.15300000000000000       0.84699999999999998       0.90852684204305612     
  0.15400000000000000       0.84599999999999997       0.90851615358622562     
  0.15500000000000000       0.84499999999999997       0.90850546512939512     
  0.15600000000000000       0.84399999999999997       0.90849477667256462     
  0.15700000000000000       0.84299999999999997       0.90848408821573412     
  0.15800000000000000       0.84199999999999997       0.90847339975890362     
  0.15900000000000000       0.84099999999999997       0.90846271130207312     
  0.16000000000000000       0.83999999999999997       0.90845202284524262     
  0.16100000000000000       0.83899999999999997       0.90844133438841213     
  0.16200000000000001       0.83799999999999997       0.90843064593158174     
  0.16300000000000001       0.83699999999999997       0.90841995747475113     
  0.16400000000000001       0.83599999999999997       0.90840926901792063     
  0.16500000000000001       0.83499999999999996       0.90839858056109024     
  0.16600000000000001       0.83399999999999996       0.90838789210425963     
  0.16700000000000001       0.83299999999999996       0.90837720364742924     
  0.16800000000000001       0.83199999999999996       0.90836651519059874     
  0.16900000000000001       0.83099999999999996       0.90835582673376836     
  0.17000000000000001       0.82999999999999996       0.90834513827693775     
  0.17100000000000001       0.82899999999999996       0.90833444982010725     
  0.17200000000000001       0.82799999999999996       0.90832376136327686     
  0.17300000000000001       0.82699999999999996       0.90831307290644625     
  0.17400000000000002       0.82599999999999996       0.90830238444961575     
  0.17500000000000002       0.82499999999999996       0.90829169599278536     
  0.17599999999999999       0.82400000000000007       0.90828100753595487     
  0.17699999999999999       0.82299999999999995       0.90827031907912426     
  0.17799999999999999       0.82200000000000006       0.90825963062229387     
  0.17899999999999999       0.82099999999999995       0.90824894216546337     
  0.17999999999999999       0.82000000000000006       0.90823825370863287     
  0.18099999999999999       0.81899999999999995       0.90822756525180237     
  0.18200000000000000       0.81800000000000006       0.90821687679497198     
  0.18300000000000000       0.81699999999999995       0.90820618833814126     
  0.18400000000000000       0.81600000000000006       0.90819549988131099     
  0.18500000000000000       0.81499999999999995       0.90818481142448038     
  0.18600000000000000       0.81400000000000006       0.90817412296764988     
  0.18700000000000000       0.81299999999999994       0.90816343451081938     
  0.18800000000000000       0.81200000000000006       0.90815274605398899     
  0.18900000000000000       0.81099999999999994       0.90814205759715838     
  0.19000000000000000       0.81000000000000005       0.90813136914032799     
  0.19100000000000000       0.80899999999999994       0.90812068068349738     
  0.19200000000000000       0.80800000000000005       0.90810999222666711     
  0.19300000000000000       0.80699999999999994       0.90809930376983639     
  0.19400000000000001       0.80600000000000005       0.90808861531300600     
  0.19500000000000001       0.80499999999999994       0.90807792685617550     
  0.19600000000000001       0.80400000000000005       0.90806723839934511     
  0.19700000000000001       0.80299999999999994       0.90805654994251439     
  0.19800000000000001       0.80200000000000005       0.90804586148568411     
  0.19900000000000001       0.80099999999999993       0.90803517302885350     
  0.20000000000000001       0.80000000000000004       0.90802448457202312     
  0.20100000000000001       0.79899999999999993       0.90801379611519251     
  0.20200000000000001       0.79800000000000004       0.90800310765836212     
  0.20300000000000001       0.79699999999999993       0.90799241920153162     
  0.20400000000000001       0.79600000000000004       0.90798173074470112     
  0.20500000000000002       0.79499999999999993       0.90797104228787051     
  0.20600000000000002       0.79400000000000004       0.90796035383104023     
  0.20700000000000002       0.79299999999999993       0.90794966537420951     
  0.20800000000000002       0.79200000000000004       0.90793897691737913     
  0.20899999999999999       0.79100000000000004       0.90792828846054863     
  0.20999999999999999       0.79000000000000004       0.90791760000371813     
  0.21099999999999999       0.78900000000000003       0.90790691154688763     
  0.21199999999999999       0.78800000000000003       0.90789622309005724     
  0.21299999999999999       0.78700000000000003       0.90788553463322674     
  0.21400000000000000       0.78600000000000003       0.90787484617639613     
  0.21500000000000000       0.78500000000000003       0.90786415771956575     
  0.21600000000000000       0.78400000000000003       0.90785346926273525     
  0.21700000000000000       0.78300000000000003       0.90784278080590464     
  0.21800000000000000       0.78200000000000003       0.90783209234907425     
  0.21900000000000000       0.78100000000000003       0.90782140389224375     
  0.22000000000000000       0.78000000000000003       0.90781071543541336     
  0.22100000000000000       0.77900000000000003       0.90780002697858275     
  0.22200000000000000       0.77800000000000002       0.90778933852175225     
  0.22300000000000000       0.77700000000000002       0.90777865006492187     
  0.22400000000000000       0.77600000000000002       0.90776796160809126     
  0.22500000000000001       0.77500000000000002       0.90775727315126076     
  0.22600000000000001       0.77400000000000002       0.90774658469443037     
  0.22700000000000001       0.77300000000000002       0.90773589623759976     
  0.22800000000000001       0.77200000000000002       0.90772520778076937     
  0.22900000000000001       0.77100000000000002       0.90771451932393887     
  0.23000000000000001       0.77000000000000002       0.90770383086710837     
  0.23100000000000001       0.76900000000000002       0.90769314241027788     
  0.23200000000000001       0.76800000000000002       0.90768245395344738     
  0.23300000000000001       0.76700000000000002       0.90767176549661688     
  0.23400000000000001       0.76600000000000001       0.90766107703978638     
  0.23500000000000001       0.76500000000000001       0.90765038858295588     
  0.23600000000000002       0.76400000000000001       0.90763970012612538     
  0.23700000000000002       0.76300000000000001       0.90762901166929499     
  0.23800000000000002       0.76200000000000001       0.90761832321246438     
  0.23900000000000002       0.76100000000000001       0.90760763475563389     
  0.23999999999999999       0.76000000000000001       0.90759694629880339     
  0.24099999999999999       0.75900000000000001       0.90758625784197289     
  0.24199999999999999       0.75800000000000001       0.90757556938514239     
  0.24299999999999999       0.75700000000000001       0.90756488092831200     
  0.24399999999999999       0.75600000000000001       0.90755419247148150     
  0.24500000000000000       0.75500000000000000       0.90754350401465089     
  0.24600000000000000       0.75400000000000000       0.90753281555782050     
  0.24700000000000000       0.75300000000000000       0.90752212710099001     
  0.24800000000000000       0.75200000000000000       0.90751143864415940     
  0.24900000000000000       0.75100000000000000       0.90750075018732901     
  0.25000000000000000       0.75000000000000000       0.90749006173049851     
  0.25100000000000000       0.74900000000000000       0.90747937327366790     
  0.25200000000000000       0.74800000000000000       0.90746868481683751     
  0.25300000000000000       0.74700000000000000       0.90745799636000701     
  0.25400000000000000       0.74600000000000000       0.90744730790317663     
  0.25500000000000000       0.74500000000000000       0.90743661944634602     
  0.25600000000000001       0.74399999999999999       0.90742593098951563     
  0.25700000000000001       0.74299999999999999       0.90741524253268513     
  0.25800000000000001       0.74199999999999999       0.90740455407585452     
  0.25900000000000001       0.74099999999999999       0.90739386561902413     
  0.26000000000000001       0.73999999999999999       0.90738317716219363     
  0.26100000000000001       0.73899999999999999       0.90737248870536313     
  0.26200000000000001       0.73799999999999999       0.90736180024853264     
  0.26300000000000001       0.73699999999999999       0.90735111179170214     
  0.26400000000000001       0.73599999999999999       0.90734042333487164     
  0.26500000000000001       0.73499999999999999       0.90732973487804114     
  0.26600000000000001       0.73399999999999999       0.90731904642121064     
  0.26700000000000002       0.73299999999999998       0.90730835796438014     
  0.26800000000000002       0.73199999999999998       0.90729766950754964     
  0.26900000000000002       0.73099999999999998       0.90728698105071914     
  0.27000000000000002       0.72999999999999998       0.90727629259388864     
  0.27100000000000002       0.72899999999999998       0.90726560413705826     
  0.27200000000000002       0.72799999999999998       0.90725491568022765     
  0.27300000000000002       0.72699999999999998       0.90724422722339726     
  0.27400000000000002       0.72599999999999998       0.90723353876656676     
  0.27500000000000002       0.72499999999999998       0.90722285030973615     
  0.27600000000000002       0.72399999999999998       0.90721216185290576     
  0.27700000000000002       0.72299999999999998       0.90720147339607526     
  0.27800000000000002       0.72199999999999998       0.90719078493924488     
  0.27900000000000003       0.72099999999999997       0.90718009648241427     
  0.28000000000000003       0.71999999999999997       0.90716940802558377     
  0.28100000000000003       0.71899999999999997       0.90715871956875338     
  0.28200000000000003       0.71799999999999997       0.90714803111192277     
  0.28300000000000003       0.71699999999999997       0.90713734265509238     
  0.28400000000000003       0.71599999999999997       0.90712665419826188     
  0.28500000000000003       0.71499999999999997       0.90711596574143138     
  0.28600000000000003       0.71399999999999997       0.90710527728460089     
  0.28700000000000003       0.71299999999999997       0.90709458882777039     
  0.28800000000000003       0.71199999999999997       0.90708390037093989     
  0.28899999999999998       0.71100000000000008       0.90707321191410939     
  0.28999999999999998       0.70999999999999996       0.90706252345727889     
  0.29099999999999998       0.70900000000000007       0.90705183500044839     
  0.29199999999999998       0.70799999999999996       0.90704114654361778     
  0.29299999999999998       0.70700000000000007       0.90703045808678739     
  0.29399999999999998       0.70599999999999996       0.90701976962995690     
  0.29499999999999998       0.70500000000000007       0.90700908117312651     
  0.29599999999999999       0.70399999999999996       0.90699839271629590     
  0.29699999999999999       0.70300000000000007       0.90698770425946551     
  0.29799999999999999       0.70199999999999996       0.90697701580263490     
  0.29899999999999999       0.70100000000000007       0.90696632734580440     
  0.29999999999999999       0.69999999999999996       0.90695563888897390     
  0.30099999999999999       0.69900000000000007       0.90694495043214363     
  0.30199999999999999       0.69799999999999995       0.90693426197531291     
  0.30299999999999999       0.69700000000000006       0.90692357351848252     
  0.30399999999999999       0.69599999999999995       0.90691288506165191     
  0.30499999999999999       0.69500000000000006       0.90690219660482163     
  0.30599999999999999       0.69399999999999995       0.90689150814799091     
  0.30700000000000000       0.69300000000000006       0.90688081969116063     
  0.30800000000000000       0.69199999999999995       0.90687013123433002     
  0.30900000000000000       0.69100000000000006       0.90685944277749964     
  0.31000000000000000       0.68999999999999995       0.90684875432066891     
  0.31100000000000000       0.68900000000000006       0.90683806586383864     
  0.31200000000000000       0.68799999999999994       0.90682737740700814     
  0.31300000000000000       0.68700000000000006       0.90681668895017764     
  0.31400000000000000       0.68599999999999994       0.90680600049334703     
  0.31500000000000000       0.68500000000000005       0.90679531203651664     
  0.31600000000000000       0.68399999999999994       0.90678462357968603     
  0.31700000000000000       0.68300000000000005       0.90677393512285565     
  0.31800000000000000       0.68199999999999994       0.90676324666602515     
  0.31900000000000001       0.68100000000000005       0.90675255820919465     
  0.32000000000000001       0.67999999999999994       0.90674186975236415     
  0.32100000000000001       0.67900000000000005       0.90673118129553365     
  0.32200000000000001       0.67799999999999994       0.90672049283870315     
  0.32300000000000001       0.67700000000000005       0.90670980438187265     
  0.32400000000000001       0.67599999999999993       0.90669911592504215     
  0.32500000000000001       0.67500000000000004       0.90668842746821177     
  0.32600000000000001       0.67399999999999993       0.90667773901138116     
  0.32700000000000001       0.67300000000000004       0.90666705055455077     
  0.32800000000000001       0.67199999999999993       0.90665636209772016     
  0.32900000000000001       0.67100000000000004       0.90664567364088988     
  0.33000000000000002       0.66999999999999993       0.90663498518405916     
  0.33100000000000002       0.66900000000000004       0.90662429672722888     
  0.33200000000000002       0.66799999999999993       0.90661360827039816     
  0.33300000000000002       0.66700000000000004       0.90660291981356778     
  0.33400000000000002       0.66599999999999993       0.90659223135673717     
  0.33500000000000002       0.66500000000000004       0.90658154289990689     
  0.33600000000000002       0.66399999999999992       0.90657085444307628     
  0.33700000000000002       0.66300000000000003       0.90656016598624589     
  0.33800000000000002       0.66199999999999992       0.90654947752941528     
  0.33900000000000002       0.66100000000000003       0.90653878907258489     
  0.34000000000000002       0.65999999999999992       0.90652810061575417     
  0.34100000000000003       0.65900000000000003       0.90651741215892390     
  0.34200000000000003       0.65799999999999992       0.90650672370209340     
  0.34300000000000003       0.65700000000000003       0.90649603524526290     
  0.34400000000000003       0.65599999999999992       0.90648534678843229     
  0.34500000000000003       0.65500000000000003       0.90647465833160190     
  0.34600000000000003       0.65399999999999991       0.90646396987477140     
  0.34700000000000003       0.65300000000000002       0.90645328141794090     
  0.34800000000000003       0.65199999999999991       0.90644259296111040     
  0.34900000000000003       0.65100000000000002       0.90643190450428002     
  0.35000000000000003       0.64999999999999991       0.90642121604744941     
  0.35100000000000003       0.64900000000000002       0.90641052759061891     
  0.35199999999999998       0.64800000000000002       0.90639983913378841     
  0.35299999999999998       0.64700000000000002       0.90638915067695802     
  0.35399999999999998       0.64600000000000002       0.90637846222012741     
  0.35499999999999998       0.64500000000000002       0.90636777376329691     
  0.35599999999999998       0.64400000000000002       0.90635708530646653     
  0.35699999999999998       0.64300000000000002       0.90634639684963592     
  0.35799999999999998       0.64200000000000002       0.90633570839280542     
  0.35899999999999999       0.64100000000000001       0.90632501993597503     
  0.35999999999999999       0.64000000000000001       0.90631433147914464     
  0.36099999999999999       0.63900000000000001       0.90630364302231403     
  0.36199999999999999       0.63800000000000001       0.90629295456548353     
  0.36299999999999999       0.63700000000000001       0.90628226610865315     
  0.36399999999999999       0.63600000000000001       0.90627157765182254     
  0.36499999999999999       0.63500000000000001       0.90626088919499204     
  0.36599999999999999       0.63400000000000001       0.90625020073816165     
  0.36699999999999999       0.63300000000000001       0.90623951228133104     
  0.36799999999999999       0.63200000000000001       0.90622882382450065     
  0.36899999999999999       0.63100000000000001       0.90621813536767015     
  0.37000000000000000       0.63000000000000000       0.90620744691083965     
  0.37100000000000000       0.62900000000000000       0.90619675845400915     
  0.37200000000000000       0.62800000000000000       0.90618606999717866     
  0.37300000000000000       0.62700000000000000       0.90617538154034816     
  0.37400000000000000       0.62600000000000000       0.90616469308351766     
  0.37500000000000000       0.62500000000000000       0.90615400462668716     
  0.37600000000000000       0.62400000000000000       0.90614331616985666     
  0.37700000000000000       0.62300000000000000       0.90613262771302616     
  0.37800000000000000       0.62200000000000000       0.90612193925619566     
  0.37900000000000000       0.62100000000000000       0.90611125079936516     
  0.38000000000000000       0.62000000000000000       0.90610056234253467     
  0.38100000000000001       0.61899999999999999       0.90608987388570417     
  0.38200000000000001       0.61799999999999999       0.90607918542887367     
  0.38300000000000001       0.61699999999999999       0.90606849697204328     
  0.38400000000000001       0.61599999999999999       0.90605780851521267     
  0.38500000000000001       0.61499999999999999       0.90604712005838217     
  0.38600000000000001       0.61399999999999999       0.90603643160155178     
  0.38700000000000001       0.61299999999999999       0.90602574314472129     
  0.38800000000000001       0.61199999999999999       0.90601505468789068     
  0.38900000000000001       0.61099999999999999       0.90600436623106029     
  0.39000000000000001       0.60999999999999999       0.90599367777422990     
  0.39100000000000001       0.60899999999999999       0.90598298931739918     
  0.39200000000000002       0.60799999999999998       0.90597230086056879     
  0.39300000000000002       0.60699999999999998       0.90596161240373840     
  0.39400000000000002       0.60599999999999998       0.90595092394690790     
  0.39500000000000002       0.60499999999999998       0.90594023549007729     
  0.39600000000000002       0.60399999999999998       0.90592954703324691     
  0.39700000000000002       0.60299999999999998       0.90591885857641641     
  0.39800000000000002       0.60199999999999998       0.90590817011958591     
  0.39900000000000002       0.60099999999999998       0.90589748166275541     
  0.40000000000000002       0.59999999999999998       0.90588679320592491     
  0.40100000000000002       0.59899999999999998       0.90587610474909441     
  0.40200000000000002       0.59799999999999998       0.90586541629226391     
  0.40300000000000002       0.59699999999999998       0.90585472783543342     
  0.40400000000000003       0.59599999999999997       0.90584403937860292     
  0.40500000000000003       0.59499999999999997       0.90583335092177242     
  0.40600000000000003       0.59399999999999997       0.90582266246494192     
  0.40700000000000003       0.59299999999999997       0.90581197400811142     
  0.40800000000000003       0.59199999999999997       0.90580128555128092     
  0.40900000000000003       0.59099999999999997       0.90579059709445042     
  0.41000000000000003       0.58999999999999997       0.90577990863761992     
  0.41100000000000003       0.58899999999999997       0.90576922018078954     
  0.41200000000000003       0.58799999999999997       0.90575853172395893     
  0.41300000000000003       0.58699999999999997       0.90574784326712843     
  0.41400000000000003       0.58599999999999997       0.90573715481029804     
  0.41500000000000004       0.58499999999999996       0.90572646635346743     
  0.41600000000000004       0.58399999999999996       0.90571577789663704     
  0.41699999999999998       0.58299999999999996       0.90570508943980643     
  0.41799999999999998       0.58200000000000007       0.90569440098297604     
  0.41899999999999998       0.58099999999999996       0.90568371252614543     
  0.41999999999999998       0.58000000000000007       0.90567302406931516     
  0.42099999999999999       0.57899999999999996       0.90566233561248455     
  0.42199999999999999       0.57800000000000007       0.90565164715565416     
  0.42299999999999999       0.57699999999999996       0.90564095869882355     
  0.42399999999999999       0.57600000000000007       0.90563027024199316     
  0.42499999999999999       0.57499999999999996       0.90561958178516266     
  0.42599999999999999       0.57400000000000007       0.90560889332833217     
  0.42699999999999999       0.57299999999999995       0.90559820487150167     
  0.42799999999999999       0.57200000000000006       0.90558751641467117     
  0.42899999999999999       0.57099999999999995       0.90557682795784056     
  0.42999999999999999       0.57000000000000006       0.90556613950101017     
  0.43099999999999999       0.56899999999999995       0.90555545104417967     
  0.43200000000000000       0.56800000000000006       0.90554476258734917     
  0.43300000000000000       0.56699999999999995       0.90553407413051867     
  0.43400000000000000       0.56600000000000006       0.90552338567368829     
  0.43500000000000000       0.56499999999999995       0.90551269721685768     
  0.43600000000000000       0.56400000000000006       0.90550200876002718     
  0.43700000000000000       0.56299999999999994       0.90549132030319668     
  0.43800000000000000       0.56200000000000006       0.90548063184636640     
  0.43900000000000000       0.56099999999999994       0.90546994338953568     
  0.44000000000000000       0.56000000000000005       0.90545925493270529     
  0.44100000000000000       0.55899999999999994       0.90544856647587468     
  0.44200000000000000       0.55800000000000005       0.90543787801904430     
  0.44300000000000000       0.55699999999999994       0.90542718956221369     
  0.44400000000000001       0.55600000000000005       0.90541650110538341     
  0.44500000000000001       0.55499999999999994       0.90540581264855280     
  0.44600000000000001       0.55400000000000005       0.90539512419172241     
  0.44700000000000001       0.55299999999999994       0.90538443573489169     
  0.44800000000000001       0.55200000000000005       0.90537374727806141     
  0.44900000000000001       0.55099999999999993       0.90536305882123069     
  0.45000000000000001       0.55000000000000004       0.90535237036440042     
  0.45100000000000001       0.54899999999999993       0.90534168190756981     
  0.45200000000000001       0.54800000000000004       0.90533099345073942     
  0.45300000000000001       0.54699999999999993       0.90532030499390892     
  0.45400000000000001       0.54600000000000004       0.90530961653707842     
  0.45500000000000002       0.54499999999999993       0.90529892808024781     
  0.45600000000000002       0.54400000000000004       0.90528823962341742     
  0.45700000000000002       0.54299999999999993       0.90527755116658692     
  0.45800000000000002       0.54200000000000004       0.90526686270975643     
  0.45900000000000002       0.54099999999999993       0.90525617425292593     
  0.46000000000000002       0.54000000000000004       0.90524548579609543     
  0.46100000000000002       0.53899999999999992       0.90523479733926493     
  0.46200000000000002       0.53800000000000003       0.90522410888243443     
  0.46300000000000002       0.53699999999999992       0.90521342042560393     
  0.46400000000000002       0.53600000000000003       0.90520273196877354     
  0.46500000000000002       0.53499999999999992       0.90519204351194293     
  0.46600000000000003       0.53400000000000003       0.90518135505511255     
  0.46700000000000003       0.53299999999999992       0.90517066659828194     
  0.46800000000000003       0.53200000000000003       0.90515997814145166     
  0.46900000000000003       0.53099999999999992       0.90514928968462094     
  0.47000000000000003       0.53000000000000003       0.90513860122779066     
  0.47100000000000003       0.52899999999999991       0.90512791277095994     
  0.47200000000000003       0.52800000000000002       0.90511722431412966     
  0.47300000000000003       0.52699999999999991       0.90510653585729894     
  0.47400000000000003       0.52600000000000002       0.90509584740046867     
  0.47500000000000003       0.52499999999999991       0.90508515894363806     
  0.47600000000000003       0.52400000000000002       0.90507447048680767     
  0.47700000000000004       0.52299999999999991       0.90506378202997706     
  0.47800000000000004       0.52200000000000002       0.90505309357314667     
  0.47900000000000004       0.52099999999999991       0.90504240511631606     
  0.47999999999999998       0.52000000000000002       0.90503171665948567     
  0.48099999999999998       0.51900000000000002       0.90502102820265518     
  0.48199999999999998       0.51800000000000002       0.90501033974582468     
  0.48299999999999998       0.51700000000000002       0.90499965128899418     
  0.48399999999999999       0.51600000000000001       0.90498896283216368     
  0.48499999999999999       0.51500000000000001       0.90497827437533318     
  0.48599999999999999       0.51400000000000001       0.90496758591850268     
  0.48699999999999999       0.51300000000000001       0.90495689746167218     
  0.48799999999999999       0.51200000000000001       0.90494620900484168     
  0.48899999999999999       0.51100000000000001       0.90493552054801119     
  0.48999999999999999       0.51000000000000001       0.90492483209118069     
  0.49099999999999999       0.50900000000000001       0.90491414363435019     
  0.49199999999999999       0.50800000000000001       0.90490345517751969     
  0.49299999999999999       0.50700000000000001       0.90489276672068919     
  0.49399999999999999       0.50600000000000001       0.90488207826385880     
  0.49500000000000000       0.50500000000000000       0.90487138980702819     
  0.49600000000000000       0.50400000000000000       0.90486070135019769     
  0.49700000000000000       0.50300000000000000       0.90485001289336731     
  0.49800000000000000       0.50200000000000000       0.90483932443653681     
  0.49900000000000000       0.50100000000000000       0.90482863597970631     
  0.50000000000000000       0.50000000000000000       0.90481794752287581     
  0.50100000000000000       0.49900000000000000       0.90480725906604531     
  0.50200000000000000       0.49800000000000000       0.90479657060921481     
  0.50300000000000000       0.49700000000000000       0.90478588215238431     
  0.50400000000000000       0.49600000000000000       0.90477519369555393     
  0.50500000000000000       0.49500000000000000       0.90476450523872343     
  0.50600000000000001       0.49399999999999999       0.90475381678189282     
  0.50700000000000001       0.49299999999999999       0.90474312832506243     
  0.50800000000000001       0.49199999999999999       0.90473243986823193     
  0.50900000000000001       0.49099999999999999       0.90472175141140143     
  0.51000000000000001       0.48999999999999999       0.90471106295457093     
  0.51100000000000001       0.48899999999999999       0.90470037449774043     
  0.51200000000000001       0.48799999999999999       0.90468968604090994     
  0.51300000000000001       0.48699999999999999       0.90467899758407944     
  0.51400000000000001       0.48599999999999999       0.90466830912724894     
  0.51500000000000001       0.48499999999999999       0.90465762067041844     
  0.51600000000000001       0.48399999999999999       0.90464693221358794     
  0.51700000000000002       0.48299999999999998       0.90463624375675744     
  0.51800000000000002       0.48199999999999998       0.90462555529992694     
  0.51900000000000002       0.48099999999999998       0.90461486684309644     
  0.52000000000000002       0.47999999999999998       0.90460417838626594     
  0.52100000000000002       0.47899999999999998       0.90459348992943545     
  0.52200000000000002       0.47799999999999998       0.90458280147260495     
  0.52300000000000002       0.47699999999999998       0.90457211301577456     
  0.52400000000000002       0.47599999999999998       0.90456142455894395     
  0.52500000000000002       0.47499999999999998       0.90455073610211345     
  0.52600000000000002       0.47399999999999998       0.90454004764528306     
  0.52700000000000002       0.47299999999999998       0.90452935918845256     
  0.52800000000000002       0.47199999999999998       0.90451867073162207     
  0.52900000000000003       0.47099999999999997       0.90450798227479157     
  0.53000000000000003       0.46999999999999997       0.90449729381796107     
  0.53100000000000003       0.46899999999999997       0.90448660536113068     
  0.53200000000000003       0.46799999999999997       0.90447591690430007     
  0.53300000000000003       0.46699999999999997       0.90446522844746968     
  0.53400000000000003       0.46599999999999997       0.90445453999063918     
  0.53500000000000003       0.46499999999999997       0.90444385153380868     
  0.53600000000000003       0.46399999999999997       0.90443316307697819     
  0.53700000000000003       0.46299999999999997       0.90442247462014769     
  0.53800000000000003       0.46199999999999997       0.90441178616331719     
  0.53900000000000003       0.46099999999999997       0.90440109770648669     
  0.54000000000000004       0.45999999999999996       0.90439040924965619     
  0.54100000000000004       0.45899999999999996       0.90437972079282569     
  0.54200000000000004       0.45799999999999996       0.90436903233599519     
  0.54300000000000004       0.45699999999999996       0.90435834387916469     
  0.54400000000000004       0.45599999999999996       0.90434765542233420     
  0.54500000000000004       0.45499999999999996       0.90433696696550370     
  0.54600000000000004       0.45399999999999996       0.90432627850867320     
  0.54700000000000004       0.45299999999999996       0.90431559005184270     
  0.54800000000000004       0.45199999999999996       0.90430490159501220     
  0.54900000000000004       0.45099999999999996       0.90429421313818170     
  0.55000000000000004       0.44999999999999996       0.90428352468135120     
  0.55100000000000005       0.44899999999999995       0.90427283622452070     
  0.55200000000000005       0.44799999999999995       0.90426214776769032     
  0.55300000000000005       0.44699999999999995       0.90425145931085982     
  0.55400000000000005       0.44599999999999995       0.90424077085402921     
  0.55500000000000005       0.44499999999999995       0.90423008239719882     
  0.55600000000000005       0.44399999999999995       0.90421939394036832     
  0.55700000000000005       0.44299999999999995       0.90420870548353782     
  0.55800000000000005       0.44199999999999995       0.90419801702670743     
  0.55900000000000005       0.44099999999999995       0.90418732856987694     
  0.56000000000000005       0.43999999999999995       0.90417664011304633     
  0.56100000000000005       0.43899999999999995       0.90416595165621594     
  0.56200000000000006       0.43799999999999994       0.90415526319938544     
  0.56300000000000006       0.43699999999999994       0.90414457474255483     
  0.56400000000000006       0.43599999999999994       0.90413388628572444     
  0.56500000000000006       0.43499999999999994       0.90412319782889394     
  0.56600000000000006       0.43399999999999994       0.90411250937206344     
  0.56700000000000006       0.43299999999999994       0.90410182091523295     
  0.56800000000000006       0.43199999999999994       0.90409113245840245     
  0.56900000000000006       0.43099999999999994       0.90408044400157195     
  0.57000000000000006       0.42999999999999994       0.90406975554474145     
  0.57100000000000006       0.42899999999999994       0.90405906708791095     
  0.57200000000000006       0.42799999999999994       0.90404837863108045     
  0.57300000000000006       0.42699999999999994       0.90403769017424995     
  0.57400000000000007       0.42599999999999993       0.90402700171741945     
  0.57500000000000007       0.42499999999999993       0.90401631326058896     
  0.57600000000000007       0.42399999999999993       0.90400562480375846     
  0.57699999999999996       0.42300000000000004       0.90399493634692807     
  0.57799999999999996       0.42200000000000004       0.90398424789009746     
  0.57899999999999996       0.42100000000000004       0.90397355943326696     
  0.57999999999999996       0.42000000000000004       0.90396287097643657     
  0.58099999999999996       0.41900000000000004       0.90395218251960596     
  0.58199999999999996       0.41800000000000004       0.90394149406277546     
  0.58299999999999996       0.41700000000000004       0.90393080560594508     
  0.58399999999999996       0.41600000000000004       0.90392011714911458     
  0.58499999999999996       0.41500000000000004       0.90390942869228419     
  0.58599999999999997       0.41400000000000003       0.90389874023545369     
  0.58699999999999997       0.41300000000000003       0.90388805177862308     
  0.58799999999999997       0.41200000000000003       0.90387736332179269     
  0.58899999999999997       0.41100000000000003       0.90386667486496219     
  0.58999999999999997       0.41000000000000003       0.90385598640813158     
  0.59099999999999997       0.40900000000000003       0.90384529795130120     
  0.59199999999999997       0.40800000000000003       0.90383460949447070     
  0.59299999999999997       0.40700000000000003       0.90382392103764009     
  0.59399999999999997       0.40600000000000003       0.90381323258080970     
  0.59499999999999997       0.40500000000000003       0.90380254412397920     
  0.59599999999999997       0.40400000000000003       0.90379185566714870     
  0.59699999999999998       0.40300000000000002       0.90378116721031820     
  0.59799999999999998       0.40200000000000002       0.90377047875348770     
  0.59899999999999998       0.40100000000000002       0.90375979029665721     
  0.59999999999999998       0.40000000000000002       0.90374910183982671     
  0.60099999999999998       0.39900000000000002       0.90373841338299621     
  0.60199999999999998       0.39800000000000002       0.90372772492616571     
  0.60299999999999998       0.39700000000000002       0.90371703646933521     
  0.60399999999999998       0.39600000000000002       0.90370634801250471     
  0.60499999999999998       0.39500000000000002       0.90369565955567421     
  0.60599999999999998       0.39400000000000002       0.90368497109884371     
  0.60699999999999998       0.39300000000000002       0.90367428264201333     
  0.60799999999999998       0.39200000000000002       0.90366359418518283     
  0.60899999999999999       0.39100000000000001       0.90365290572835222     
  0.60999999999999999       0.39000000000000001       0.90364221727152194     
  0.61099999999999999       0.38900000000000001       0.90363152881469133     
  0.61199999999999999       0.38800000000000001       0.90362084035786072     
  0.61299999999999999       0.38700000000000001       0.90361015190103045     
  0.61399999999999999       0.38600000000000001       0.90359946344419984     
  0.61499999999999999       0.38500000000000001       0.90358877498736934     
  0.61599999999999999       0.38400000000000001       0.90357808653053895     
  0.61699999999999999       0.38300000000000001       0.90356739807370834     
  0.61799999999999999       0.38200000000000001       0.90355670961687795     
  0.61899999999999999       0.38100000000000001       0.90354602116004745     
  0.62000000000000000       0.38000000000000000       0.90353533270321695     
  0.62100000000000000       0.37900000000000000       0.90352464424638645     
  0.62200000000000000       0.37800000000000000       0.90351395578955596     
  0.62300000000000000       0.37700000000000000       0.90350326733272546     
  0.62400000000000000       0.37600000000000000       0.90349257887589496     
  0.62500000000000000       0.37500000000000000       0.90348189041906446     
  0.62600000000000000       0.37400000000000000       0.90347120196223396     
  0.62700000000000000       0.37300000000000000       0.90346051350540346     
  0.62800000000000000       0.37200000000000000       0.90344982504857296     
  0.62900000000000000       0.37100000000000000       0.90343913659174246     
  0.63000000000000000       0.37000000000000000       0.90342844813491197     
  0.63100000000000001       0.36899999999999999       0.90341775967808147     
  0.63200000000000001       0.36799999999999999       0.90340707122125108     
  0.63300000000000001       0.36699999999999999       0.90339638276442047     
  0.63400000000000001       0.36599999999999999       0.90338569430758997     
  0.63500000000000001       0.36499999999999999       0.90337500585075958     
  0.63600000000000001       0.36399999999999999       0.90336431739392897     
  0.63700000000000001       0.36299999999999999       0.90335362893709847     
  0.63800000000000001       0.36199999999999999       0.90334294048026809     
  0.63900000000000001       0.36099999999999999       0.90333225202343759     
  0.64000000000000001       0.35999999999999999       0.90332156356660720     
  0.64100000000000001       0.35899999999999999       0.90331087510977659     
  0.64200000000000002       0.35799999999999998       0.90330018665294609     
  0.64300000000000002       0.35699999999999998       0.90328949819611570     
  0.64400000000000002       0.35599999999999998       0.90327880973928520     
  0.64500000000000002       0.35499999999999998       0.90326812128245459     
  0.64600000000000002       0.35399999999999998       0.90325743282562421     
  0.64700000000000002       0.35299999999999998       0.90324674436879371     
  0.64800000000000002       0.35199999999999998       0.90323605591196321     
  0.64900000000000002       0.35099999999999998       0.90322536745513271     
  0.65000000000000002       0.34999999999999998       0.90321467899830221     
  0.65100000000000002       0.34899999999999998       0.90320399054147171     
  0.65200000000000002       0.34799999999999998       0.90319330208464121     
  0.65300000000000002       0.34699999999999998       0.90318261362781072     
  0.65400000000000003       0.34599999999999997       0.90317192517098022     
  0.65500000000000003       0.34499999999999997       0.90316123671414972     
  0.65600000000000003       0.34399999999999997       0.90315054825731922     
  0.65700000000000003       0.34299999999999997       0.90313985980048872     
  0.65800000000000003       0.34199999999999997       0.90312917134365822     
  0.65900000000000003       0.34099999999999997       0.90311848288682783     
  0.66000000000000003       0.33999999999999997       0.90310779442999722     
  0.66100000000000003       0.33899999999999997       0.90309710597316672     
  0.66200000000000003       0.33799999999999997       0.90308641751633634     
  0.66300000000000003       0.33699999999999997       0.90307572905950584     
  0.66400000000000003       0.33599999999999997       0.90306504060267523     
  0.66500000000000004       0.33499999999999996       0.90305435214584484     
  0.66600000000000004       0.33399999999999996       0.90304366368901434     
  0.66700000000000004       0.33299999999999996       0.90303297523218373     
  0.66800000000000004       0.33199999999999996       0.90302228677535346     
  0.66900000000000004       0.33099999999999996       0.90301159831852285     
  0.67000000000000004       0.32999999999999996       0.90300090986169246     
  0.67100000000000004       0.32899999999999996       0.90299022140486196     
  0.67200000000000004       0.32799999999999996       0.90297953294803135     
  0.67300000000000004       0.32699999999999996       0.90296884449120096     
  0.67400000000000004       0.32599999999999996       0.90295815603437046     
  0.67500000000000004       0.32499999999999996       0.90294746757753996     
  0.67600000000000005       0.32399999999999995       0.90293677912070947     
  0.67700000000000005       0.32299999999999995       0.90292609066387897     
  0.67800000000000005       0.32199999999999995       0.90291540220704847     
  0.67900000000000005       0.32099999999999995       0.90290471375021797     
  0.68000000000000005       0.31999999999999995       0.90289402529338747     
  0.68100000000000005       0.31899999999999995       0.90288333683655697     
  0.68200000000000005       0.31799999999999995       0.90287264837972647     
  0.68300000000000005       0.31699999999999995       0.90286195992289597     
  0.68400000000000005       0.31599999999999995       0.90285127146606547     
  0.68500000000000005       0.31499999999999995       0.90284058300923498     
  0.68600000000000005       0.31399999999999995       0.90282989455240448     
  0.68700000000000006       0.31299999999999994       0.90281920609557409     
  0.68800000000000006       0.31199999999999994       0.90280851763874348     
  0.68900000000000006       0.31099999999999994       0.90279782918191298     
  0.69000000000000006       0.30999999999999994       0.90278714072508259     
  0.69100000000000006       0.30899999999999994       0.90277645226825198     
  0.69200000000000006       0.30799999999999994       0.90276576381142171     
  0.69300000000000006       0.30699999999999994       0.90275507535459110     
  0.69400000000000006       0.30599999999999994       0.90274438689776049     
  0.69500000000000006       0.30499999999999994       0.90273369844093021     
  0.69600000000000006       0.30399999999999994       0.90272300998409960     
  0.69700000000000006       0.30299999999999994       0.90271232152726910     
  0.69800000000000006       0.30199999999999994       0.90270163307043871     
  0.69900000000000007       0.30099999999999993       0.90269094461360810     
  0.70000000000000007       0.29999999999999993       0.90268025615677761     
  0.70100000000000007       0.29899999999999993       0.90266956769994722     
  0.70200000000000007       0.29799999999999993       0.90265887924311672     
  0.70300000000000007       0.29699999999999993       0.90264819078628622     
  0.70399999999999996       0.29600000000000004       0.90263750232945572     
  0.70499999999999996       0.29500000000000004       0.90262681387262522     
  0.70599999999999996       0.29400000000000004       0.90261612541579472     
  0.70699999999999996       0.29300000000000004       0.90260543695896422     
  0.70799999999999996       0.29200000000000004       0.90259474850213373     
  0.70899999999999996       0.29100000000000004       0.90258406004530323     
  0.70999999999999996       0.29000000000000004       0.90257337158847273     
  0.71099999999999997       0.28900000000000003       0.90256268313164223     
  0.71199999999999997       0.28800000000000003       0.90255199467481173     
  0.71299999999999997       0.28700000000000003       0.90254130621798123     
  0.71399999999999997       0.28600000000000003       0.90253061776115084     
  0.71499999999999997       0.28500000000000003       0.90251992930432023     
  0.71599999999999997       0.28400000000000003       0.90250924084748974     
  0.71699999999999997       0.28300000000000003       0.90249855239065935     
  0.71799999999999997       0.28200000000000003       0.90248786393382874     
  0.71899999999999997       0.28100000000000003       0.90247717547699824     
  0.71999999999999997       0.28000000000000003       0.90246648702016785     
  0.72099999999999997       0.27900000000000003       0.90245579856333724     
  0.72199999999999998       0.27800000000000002       0.90244511010650696     
  0.72299999999999998       0.27700000000000002       0.90243442164967635     
  0.72399999999999998       0.27600000000000002       0.90242373319284586     
  0.72499999999999998       0.27500000000000002       0.90241304473601547     
  0.72599999999999998       0.27400000000000002       0.90240235627918486     
  0.72699999999999998       0.27300000000000002       0.90239166782235436     
  0.72799999999999998       0.27200000000000002       0.90238097936552397     
  0.72899999999999998       0.27100000000000002       0.90237029090869347     
  0.72999999999999998       0.27000000000000002       0.90235960245186286     
  0.73099999999999998       0.26900000000000002       0.90234891399503248     
  0.73199999999999998       0.26800000000000002       0.90233822553820198     
  0.73299999999999998       0.26700000000000002       0.90232753708137148     
  0.73399999999999999       0.26600000000000001       0.90231684862454098     
  0.73499999999999999       0.26500000000000001       0.90230616016771048     
  0.73599999999999999       0.26400000000000001       0.90229547171087998     
  0.73699999999999999       0.26300000000000001       0.90228478325404948     
  0.73799999999999999       0.26200000000000001       0.90227409479721898     
  0.73899999999999999       0.26100000000000001       0.90226340634038849     
  0.73999999999999999       0.26000000000000001       0.90225271788355799     
  0.74099999999999999       0.25900000000000001       0.90224202942672749     
  0.74199999999999999       0.25800000000000001       0.90223134096989699     
  0.74299999999999999       0.25700000000000001       0.90222065251306649     
  0.74399999999999999       0.25600000000000001       0.90220996405623610     
  0.74500000000000000       0.25500000000000000       0.90219927559940560     
  0.74600000000000000       0.25400000000000000       0.90218858714257499     
  0.74700000000000000       0.25300000000000000       0.90217789868574461     
  0.74800000000000000       0.25200000000000000       0.90216721022891411     
  0.74900000000000000       0.25100000000000000       0.90215652177208350     
  0.75000000000000000       0.25000000000000000       0.90214583331525311     
  0.75100000000000000       0.24900000000000000       0.90213514485842261     
  0.75200000000000000       0.24800000000000000       0.90212445640159211     
  0.75300000000000000       0.24700000000000000       0.90211376794476161     
  0.75400000000000000       0.24600000000000000       0.90210307948793111     
  0.75500000000000000       0.24500000000000000       0.90209239103110073     
  0.75600000000000001       0.24399999999999999       0.90208170257427023     
  0.75700000000000001       0.24299999999999999       0.90207101411743962     
  0.75800000000000001       0.24199999999999999       0.90206032566060923     
  0.75900000000000001       0.24099999999999999       0.90204963720377873     
  0.76000000000000001       0.23999999999999999       0.90203894874694812     
  0.76100000000000001       0.23899999999999999       0.90202826029011773     
  0.76200000000000001       0.23799999999999999       0.90201757183328723     
  0.76300000000000001       0.23699999999999999       0.90200688337645674     
  0.76400000000000001       0.23599999999999999       0.90199619491962624     
  0.76500000000000001       0.23499999999999999       0.90198550646279574     
  0.76600000000000001       0.23399999999999999       0.90197481800596524     
  0.76700000000000002       0.23299999999999998       0.90196412954913474     
  0.76800000000000002       0.23199999999999998       0.90195344109230424     
  0.76900000000000002       0.23099999999999998       0.90194275263547385     
  0.77000000000000002       0.22999999999999998       0.90193206417864324     
  0.77100000000000002       0.22899999999999998       0.90192137572181275     
  0.77200000000000002       0.22799999999999998       0.90191068726498236     
  0.77300000000000002       0.22699999999999998       0.90189999880815175     
  0.77400000000000002       0.22599999999999998       0.90188931035132125     
  0.77500000000000002       0.22499999999999998       0.90187862189449086     
  0.77600000000000002       0.22399999999999998       0.90186793343766036     
  0.77700000000000002       0.22299999999999998       0.90185724498082986     
  0.77800000000000002       0.22199999999999998       0.90184655652399937     
  0.77900000000000003       0.22099999999999997       0.90183586806716887     
  0.78000000000000003       0.21999999999999997       0.90182517961033848     
  0.78100000000000003       0.21899999999999997       0.90181449115350787     
  0.78200000000000003       0.21799999999999997       0.90180380269667737     
  0.78300000000000003       0.21699999999999997       0.90179311423984698     
  0.78400000000000003       0.21599999999999997       0.90178242578301637     
  0.78500000000000003       0.21499999999999997       0.90177173732618587     
  0.78600000000000003       0.21399999999999997       0.90176104886935549     
  0.78700000000000003       0.21299999999999997       0.90175036041252499     
  0.78800000000000003       0.21199999999999997       0.90173967195569449     
  0.78900000000000003       0.21099999999999997       0.90172898349886399     
  0.79000000000000004       0.20999999999999996       0.90171829504203349     
  0.79100000000000004       0.20899999999999996       0.90170760658520299     
  0.79200000000000004       0.20799999999999996       0.90169691812837249     
  0.79300000000000004       0.20699999999999996       0.90168622967154199     
  0.79400000000000004       0.20599999999999996       0.90167554121471150     
  0.79500000000000004       0.20499999999999996       0.90166485275788100     
  0.79600000000000004       0.20399999999999996       0.90165416430105061     
  0.79700000000000004       0.20299999999999996       0.90164347584422000     
  0.79800000000000004       0.20199999999999996       0.90163278738738950     
  0.79900000000000004       0.20099999999999996       0.90162209893055911     
  0.80000000000000004       0.19999999999999996       0.90161141047372861     
  0.80100000000000005       0.19899999999999995       0.90160072201689800     
  0.80200000000000005       0.19799999999999995       0.90159003356006762     
  0.80300000000000005       0.19699999999999995       0.90157934510323712     
  0.80400000000000005       0.19599999999999995       0.90156865664640651     
  0.80500000000000005       0.19499999999999995       0.90155796818957612     
  0.80600000000000005       0.19399999999999995       0.90154727973274562     
  0.80700000000000005       0.19299999999999995       0.90153659127591523     
  0.80800000000000005       0.19199999999999995       0.90152590281908462     
  0.80900000000000005       0.19099999999999995       0.90151521436225412     
  0.81000000000000005       0.18999999999999995       0.90150452590542374     
  0.81100000000000005       0.18899999999999995       0.90149383744859324     
  0.81200000000000006       0.18799999999999994       0.90148314899176263     
  0.81300000000000006       0.18699999999999994       0.90147246053493224     
  0.81400000000000006       0.18599999999999994       0.90146177207810174     
  0.81500000000000006       0.18499999999999994       0.90145108362127113     
  0.81600000000000006       0.18399999999999994       0.90144039516444074     
  0.81700000000000006       0.18299999999999994       0.90142970670761025     
  0.81800000000000006       0.18199999999999994       0.90141901825077975     
  0.81900000000000006       0.18099999999999994       0.90140832979394925     
  0.82000000000000006       0.17999999999999994       0.90139764133711875     
  0.82100000000000006       0.17899999999999994       0.90138695288028825     
  0.82200000000000006       0.17799999999999994       0.90137626442345775     
  0.82300000000000006       0.17699999999999994       0.90136557596662725     
  0.82400000000000007       0.17599999999999993       0.90135488750979675     
  0.82500000000000007       0.17499999999999993       0.90134419905296626     
  0.82600000000000007       0.17399999999999993       0.90133351059613576     
  0.82700000000000007       0.17299999999999993       0.90132282213930537     
  0.82800000000000007       0.17199999999999993       0.90131213368247476     
  0.82900000000000007       0.17099999999999993       0.90130144522564437     
  0.83000000000000007       0.16999999999999993       0.90129075676881387     
  0.83100000000000007       0.16899999999999993       0.90128006831198326     
  0.83200000000000007       0.16799999999999993       0.90126937985515287     
  0.83299999999999996       0.16700000000000004       0.90125869139832238     
  0.83399999999999996       0.16600000000000004       0.90124800294149177     
  0.83499999999999996       0.16500000000000004       0.90123731448466138     
  0.83599999999999997       0.16400000000000003       0.90122662602783088     
  0.83699999999999997       0.16300000000000003       0.90121593757100049     
  0.83799999999999997       0.16200000000000003       0.90120524911416999     
  0.83899999999999997       0.16100000000000003       0.90119456065733938     
  0.83999999999999997       0.16000000000000003       0.90118387220050900     
  0.84099999999999997       0.15900000000000003       0.90117318374367850     
  0.84199999999999997       0.15800000000000003       0.90116249528684789     
  0.84299999999999997       0.15700000000000003       0.90115180683001750     
  0.84399999999999997       0.15600000000000003       0.90114111837318700     
  0.84499999999999997       0.15500000000000003       0.90113042991635650     
  0.84599999999999997       0.15400000000000003       0.90111974145952600     
  0.84699999999999998       0.15300000000000002       0.90110905300269550     
  0.84799999999999998       0.15200000000000002       0.90109836454586500     
  0.84899999999999998       0.15100000000000002       0.90108767608903451     
  0.84999999999999998       0.15000000000000002       0.90107698763220401     
  0.85099999999999998       0.14900000000000002       0.90106629917537362     
  0.85199999999999998       0.14800000000000002       0.90105561071854301     
  0.85299999999999998       0.14700000000000002       0.90104492226171251     
  0.85399999999999998       0.14600000000000002       0.90103423380488212     
  0.85499999999999998       0.14500000000000002       0.90102354534805151     
  0.85599999999999998       0.14400000000000002       0.90101285689122101     
  0.85699999999999998       0.14300000000000002       0.90100216843439063     
  0.85799999999999998       0.14200000000000002       0.90099147997756002     
  0.85899999999999999       0.14100000000000001       0.90098079152072963     
  0.85999999999999999       0.14000000000000001       0.90097010306389913     
  0.86099999999999999       0.13900000000000001       0.90095941460706863     
  0.86199999999999999       0.13800000000000001       0.90094872615023824     
  0.86299999999999999       0.13700000000000001       0.90093803769340763     
  0.86399999999999999       0.13600000000000001       0.90092734923657714     
  0.86499999999999999       0.13500000000000001       0.90091666077974675     
  0.86599999999999999       0.13400000000000001       0.90090597232291614     
  0.86699999999999999       0.13300000000000001       0.90089528386608564     
  0.86799999999999999       0.13200000000000001       0.90088459540925525     
  0.86899999999999999       0.13100000000000001       0.90087390695242464     
  0.87000000000000000       0.13000000000000000       0.90086321849559425     
  0.87100000000000000       0.12900000000000000       0.90085253003876375     
  0.87200000000000000       0.12800000000000000       0.90084184158193326     
  0.87300000000000000       0.12700000000000000       0.90083115312510276     
  0.87400000000000000       0.12600000000000000       0.90082046466827226     
  0.87500000000000000       0.12500000000000000       0.90080977621144176     
  0.87600000000000000       0.12400000000000000       0.90079908775461126     
  0.87700000000000000       0.12300000000000000       0.90078839929778076     
  0.87800000000000000       0.12200000000000000       0.90077771084095026     
  0.87900000000000000       0.12100000000000000       0.90076702238411976     
  0.88000000000000000       0.12000000000000000       0.90075633392728927     
  0.88100000000000001       0.11899999999999999       0.90074564547045888     
  0.88200000000000001       0.11799999999999999       0.90073495701362838     
  0.88300000000000001       0.11699999999999999       0.90072426855679777     
  0.88400000000000001       0.11599999999999999       0.90071358009996738     
  0.88500000000000001       0.11499999999999999       0.90070289164313688     
  0.88600000000000001       0.11399999999999999       0.90069220318630627     
  0.88700000000000001       0.11299999999999999       0.90068151472947588     
  0.88800000000000001       0.11199999999999999       0.90067082627264539     
  0.88900000000000001       0.11099999999999999       0.90066013781581478     
  0.89000000000000001       0.10999999999999999       0.90064944935898439     
  0.89100000000000001       0.10899999999999999       0.90063876090215389     
  0.89200000000000002       0.10799999999999998       0.90062807244532350     
  0.89300000000000002       0.10699999999999998       0.90061738398849289     
  0.89400000000000002       0.10599999999999998       0.90060669553166239     
  0.89500000000000002       0.10499999999999998       0.90059600707483201     
  0.89600000000000002       0.10399999999999998       0.90058531861800151     
  0.89700000000000002       0.10299999999999998       0.90057463016117090     
  0.89800000000000002       0.10199999999999998       0.90056394170434051     
  0.89900000000000002       0.10099999999999998       0.90055325324751001     
  0.90000000000000002       9.99999999999999778E-002  0.90054256479067940     
  0.90100000000000002       9.89999999999999769E-002  0.90053187633384901     
  0.90200000000000002       9.79999999999999760E-002  0.90052118787701851     
  0.90300000000000002       9.69999999999999751E-002  0.90051049942018802     
  0.90400000000000003       9.59999999999999742E-002  0.90049981096335752     
  0.90500000000000003       9.49999999999999734E-002  0.90048912250652702     
  0.90600000000000003       9.39999999999999725E-002  0.90047843404969663     
  0.90700000000000003       9.29999999999999716E-002  0.90046774559286602     
  0.90800000000000003       9.19999999999999707E-002  0.90045705713603552     
  0.90900000000000003       9.09999999999999698E-002  0.90044636867920513     
  0.91000000000000003       8.99999999999999689E-002  0.90043568022237452     
  0.91100000000000003       8.89999999999999680E-002  0.90042499176554402     
  0.91200000000000003       8.79999999999999671E-002  0.90041430330871364     
  0.91300000000000003       8.69999999999999662E-002  0.90040361485188303     
  0.91400000000000003       8.59999999999999654E-002  0.90039292639505264     
  0.91500000000000004       8.49999999999999645E-002  0.90038223793822214     
  0.91600000000000004       8.39999999999999636E-002  0.90037154948139164     
  0.91700000000000004       8.29999999999999627E-002  0.90036086102456114     
  0.91800000000000004       8.19999999999999618E-002  0.90035017256773064     
  0.91900000000000004       8.09999999999999609E-002  0.90033948411090015     
  0.92000000000000004       7.99999999999999600E-002  0.90032879565406976     
  0.92100000000000004       7.89999999999999591E-002  0.90031810719723915     
  0.92200000000000004       7.79999999999999583E-002  0.90030741874040865     
  0.92300000000000004       7.69999999999999574E-002  0.90029673028357826     
  0.92400000000000004       7.59999999999999565E-002  0.90028604182674765     
  0.92500000000000004       7.49999999999999556E-002  0.90027535336991726     
  0.92600000000000005       7.39999999999999547E-002  0.90026466491308677     
  0.92700000000000005       7.29999999999999538E-002  0.90025397645625616     
  0.92800000000000005       7.19999999999999529E-002  0.90024328799942577     
  0.92900000000000005       7.09999999999999520E-002  0.90023259954259527     
  0.93000000000000005       6.99999999999999512E-002  0.90022191108576477     
  0.93100000000000005       6.89999999999999503E-002  0.90021122262893427     
  0.93200000000000005       6.79999999999999494E-002  0.90020053417210377     
  0.93300000000000005       6.69999999999999485E-002  0.90018984571527327     
  0.93400000000000005       6.59999999999999476E-002  0.90017915725844277     
  0.93500000000000005       6.49999999999999467E-002  0.90016846880161228     
  0.93600000000000005       6.39999999999999458E-002  0.90015778034478189     
  0.93700000000000006       6.29999999999999449E-002  0.90014709188795128     
  0.93800000000000006       6.19999999999999440E-002  0.90013640343112078     
  0.93900000000000006       6.09999999999999432E-002  0.90012571497429039     
  0.94000000000000006       5.99999999999999423E-002  0.90011502651745989     
  0.94100000000000006       5.89999999999999414E-002  0.90010433806062928     
  0.94200000000000006       5.79999999999999405E-002  0.90009364960379890     
  0.94300000000000006       5.69999999999999396E-002  0.90008296114696840     
  0.94400000000000006       5.59999999999999387E-002  0.90007227269013790     
  0.94500000000000006       5.49999999999999378E-002  0.90006158423330740     
  0.94600000000000006       5.39999999999999369E-002  0.90005089577647690     
  0.94700000000000006       5.29999999999999361E-002  0.90004020731964651     
  0.94800000000000006       5.19999999999999352E-002  0.90002951886281590     
  0.94900000000000007       5.09999999999999343E-002  0.90001883040598540     
  0.95000000000000007       4.99999999999999334E-002  0.90000814194915502     
  0.95100000000000007       4.89999999999999325E-002  0.89999745349232441     
  0.95200000000000007       4.79999999999999316E-002  0.89998676503549391     
  0.95300000000000007       4.69999999999999307E-002  0.89997607657866352     
  0.95400000000000007       4.59999999999999298E-002  0.89996538812183302     
  0.95500000000000007       4.49999999999999289E-002  0.89995469966500252     
  0.95600000000000007       4.39999999999999281E-002  0.89994401120817202     
  0.95700000000000007       4.29999999999999272E-002  0.89993332275134152     
  0.95800000000000007       4.19999999999999263E-002  0.89992263429451103     
  0.95900000000000007       4.09999999999999254E-002  0.89991194583768053     
  0.95999999999999996       4.00000000000000355E-002  0.89990125738085003     
  0.96099999999999997       3.90000000000000346E-002  0.89989056892401953     
  0.96199999999999997       3.80000000000000338E-002  0.89987988046718903     
  0.96299999999999997       3.70000000000000329E-002  0.89986919201035864     
  0.96399999999999997       3.60000000000000320E-002  0.89985850355352803     
  0.96499999999999997       3.50000000000000311E-002  0.89984781509669753     
  0.96599999999999997       3.40000000000000302E-002  0.89983712663986715     
  0.96699999999999997       3.30000000000000293E-002  0.89982643818303665     
  0.96799999999999997       3.20000000000000284E-002  0.89981574972620604     
  0.96899999999999997       3.10000000000000275E-002  0.89980506126937565     
  0.96999999999999997       3.00000000000000266E-002  0.89979437281254515     
  0.97099999999999997       2.90000000000000258E-002  0.89978368435571454     
  0.97199999999999998       2.80000000000000249E-002  0.89977299589888415     
  0.97299999999999998       2.70000000000000240E-002  0.89976230744205365     
  0.97399999999999998       2.60000000000000231E-002  0.89975161898522327     
  0.97499999999999998       2.50000000000000222E-002  0.89974093052839266     
  0.97599999999999998       2.40000000000000213E-002  0.89973024207156216     
  0.97699999999999998       2.30000000000000204E-002  0.89971955361473177     
  0.97799999999999998       2.20000000000000195E-002  0.89970886515790116     
  0.97899999999999998       2.10000000000000187E-002  0.89969817670107066     
  0.97999999999999998       2.00000000000000178E-002  0.89968748824424027     
  0.98099999999999998       1.90000000000000169E-002  0.89967679978740978     
  0.98199999999999998       1.80000000000000160E-002  0.89966611133057917     
  0.98299999999999998       1.70000000000000151E-002  0.89965542287374878     
  0.98399999999999999       1.60000000000000142E-002  0.89964473441691828     
  0.98499999999999999       1.50000000000000133E-002  0.89963404596008778     
  0.98599999999999999       1.40000000000000124E-002  0.89962335750325728     
  0.98699999999999999       1.30000000000000115E-002  0.89961266904642678     
  0.98799999999999999       1.20000000000000107E-002  0.89960198058959628     
  0.98899999999999999       1.10000000000000098E-002  0.89959129213276579     
  0.98999999999999999       1.00000000000000089E-002  0.89958060367593529     
  0.99099999999999999       9.00000000000000799E-003  0.89956991521910490     
  0.99199999999999999       8.00000000000000711E-003  0.89955922676227429     
  0.99299999999999999       7.00000000000000622E-003  0.89954853830544379     
  0.99399999999999999       6.00000000000000533E-003  0.89953784984861340     
  0.99500000000000000       5.00000000000000444E-003  0.89952716139178279     
  0.99600000000000000       4.00000000000000355E-003  0.89951647293495240     
  0.99700000000000000       3.00000000000000266E-003  0.89950578447812191     
  0.99800000000000000       2.00000000000000178E-003  0.89949509602129141     
  0.99900000000000000       1.00000000000000089E-003  0.89948440756446091     
   1.0000000000000000        0.0000000000000000       0.89947371910763041     
