           7           7          49
           1  0.88973843687502496       0.90683508045221561     
           2   1.5354337455735614        1.6467547906488857     
           3   1.5412591833730618        1.6548919333650640     
           4   1.5412591833730669        1.6548919333650567     
           5   1.7297127071818590        2.5449988726155603     
           6   1.7297127071818625        2.5754714119216744     
           7   1.7334309848474694        2.5754714119216398     
           8   2.1672350241208105        1.6467547906488995     
           9   2.2211981410682982        2.2772223995122474     
          10   2.2211981410683128        2.3039464014435946     
 sroot           1  5.51117838074025451E-002
 sroot           2  0.19498349542395266     
 sroot           3  0.19498349542395291     
 sroot           4  0.77629317377823615     
 sroot           5  0.83060640369127758     
 sroot           6  0.83060640369127781     
 sroot           7   4.1174152441838991     
 --eigen_rhoE--           1  2.69600607896285996E-005
 --eigen_rhoE--           2  7.29721492273894163E-005
 --eigen_rhoE--           3  7.29721492274643617E-005
 --eigen_rhoE--           4  2.38440610244109730E-002
 --eigen_rhoE--           5  5.19302471203230975E-002
 --eigen_rhoE--           6  5.19302471203239857E-002
 --eigen_rhoE--           7   9.0967956873290348     
